-0.00487807, 0
-0.00487807, 0
-0.00487807, 0
-0.00487807, 0
-0.00487807, 0
-0.00472298, 0
-0.00472298, 0
-0.00472298, 0
-0.00472298, 0
-0.00472298, 0
-0.00457525, 0
-0.00457525, 0
-0.00457525, 0
-0.00457525, 0
-0.00457525, 0
-0.00457525, 0
-0.00457525, 0
-0.00444084, 0
-0.00444084, 0
-0.00444084, 0
-0.00444084, 0
-0.00444084, 0
-0.00435132, 0
-0.00435132, 0
-0.00435132, 0
-0.00435132, 0
-0.00435132, 0
-0.00425094, 0
-0.00425094, 0
-0.00425094, 0
-0.00425094, 0
-0.00425094, 0
-0.00425094, 0
-0.00414702, 0
-0.00414702, 0
-0.00414702, 0
-0.00414702, 0
-0.00414702, 0
-0.00407308, 0
-0.00407308, 0
-0.00407308, 0
-0.00407308, 0
-0.00407308, 0
-0.00402445, 0
-0.00402445, 0
-0.00402445, 0
-0.00402445, 0
-0.00402445, 0
-0.00399494, 0
-0.00399494, 0
-0.00399494, 0
-0.00399494, 0
-0.00399494, 0
-0.0039801, 0
-0.0039801, 0
-0.0039801, 0
-0.0039801, 0
-0.0039801, 0
-0.00397775, 0
-0.00397775, 0
-0.00397775, 0
-0.00397775, 0
-0.00397775, 0
-0.00397775, 0
-0.0039891, 0
-0.0039891, 0
-0.0039891, 0
-0.0039891, 0
-0.0039891, 0
-0.00400955, 0
-0.00400955, 0
-0.00400955, 0
-0.00400955, 0
-0.00400955, 0
-0.00403747, 0
-0.00403747, 0
-0.00403747, 0
-0.00403747, 0
-0.00403747, 0
-0.00407296, 0
-0.00407296, 0
-0.00407296, 0
-0.00407296, 0
-0.00407296, 0
-0.00411251, 0
-0.00411251, 0
-0.00411251, 0
-0.00411251, 0
-0.00411251, 0
-0.00415587, 0
-0.00415587, 0
-0.00415587, 0
-0.00415587, 0
-0.00415587, 0
-0.00415587, 0
-0.00420514, 0
-0.00420514, 0
-0.00420514, 0
-0.00420514, 0
-0.00420514, 0
-0.00425458, 0
-0.00425458, 0
-0.00425458, 0
-0.00425458, 0
-0.00425458, 0
-0.004305, 0
-0.004305, 0
-0.004305, 0
-0.004305, 0
-0.004305, 0
-0.00435519, 0
-0.00435519, 0
-0.00435519, 0
-0.00435519, 0
-0.00435519, 0
-0.0044043, 0
-0.0044043, 0
-0.0044043, 0
-0.0044043, 0
-0.0044043, 0
-0.00445112, 0
-0.00445112, 0
-0.00445112, 0
-0.00445112, 0
-0.00445112, 0
-0.00445112, 0
-0.00445795, 0
-0.00445795, 0
-0.00445795, 0
-0.00445795, 0
-0.00445795, 0
-0.00435221, 0
-0.00435221, 0
-0.00435221, 0
-0.00435221, 0
-0.00435221, 0
-0.0042786, 0
-0.0042786, 0
-0.0042786, 0
-0.0042786, 0
-0.0042786, 0
-0.00422483, 0
-0.00422483, 0
-0.00422483, 0
-0.00422483, 0
-0.00422483, 0
-0.00414431, 0
-0.00414431, 0
-0.00414431, 0
-0.00414431, 0
-0.00414431, 0
-0.00408479, 0
-0.00408479, 0
-0.00408479, 0
-0.00408479, 0
-0.00408479, 0
-0.00408479, 0
-0.00403648, 0
-0.00403648, 0
-0.00403648, 0
-0.00403648, 0
-0.00403648, 0
-0.00399619, 0
-0.00399619, 0
-0.00399619, 0
-0.00399619, 0
-0.00399619, 0
-0.00392049, 0
-0.00392049, 0
-0.00392049, 0
-0.00392049, 0
-0.00392049, 0
-0.00386157, 0
-0.00386157, 0
-0.00386157, 0
-0.00386157, 0
-0.00386157, 0
-0.00381618, 0
-0.00381618, 0
-0.00381618, 0
-0.00381618, 0
-0.00381618, 0
-0.00377964, 0
-0.00377964, 0
-0.00377964, 0
-0.00377964, 0
-0.00377964, 0
-0.0037521, 0
-0.0037521, 0
-0.0037521, 0
-0.0037521, 0
-0.0037521, 0
-0.0037521, 0
-0.00373061, 0
-0.00373061, 0
-0.00373061, 0
-0.00373061, 0
-0.00373061, 0
-0.00371407, 0
-0.00371407, 0
-0.00371407, 0
-0.00371407, 0
-0.00371407, 0
-0.00366216, 0
-0.00366216, 0
-0.00366216, 0
-0.00366216, 0
-0.00366216, 0
-0.00362675, 0
-0.00362675, 0
-0.00362675, 0
-0.00362675, 0
-0.00362675, 0
-0.00360166, 0
-0.00360166, 0
-0.00360166, 0
-0.00360166, 0
-0.00360166, 0
-0.0035802, 0
-0.0035802, 0
-0.0035802, 0
-0.0035802, 0
-0.0035802, 0
-0.00352257, 0
-0.00352257, 0
-0.00352257, 0
-0.00352257, 0
-0.00352257, 0
-0.00352257, 0
-0.0034812, 0
-0.0034812, 0
-0.0034812, 0
-0.0034812, 0
-0.0034812, 0
-0.00336661, 0
-0.00336661, 0
-0.00336661, 0
-0.00336661, 0
-0.00336661, 0
-0.00328203, 0
-0.00328203, 0
-0.00328203, 0
-0.00328203, 0
-0.00328203, 0
-0.00317573, 0
-0.00317573, 0
-0.00317573, 0
-0.00317573, 0
-0.00317573, 0
-0.0030933, 0
-0.0030933, 0
-0.0030933, 0
-0.0030933, 0
-0.0030933, 0
-0.00302678, 0
-0.00302678, 0
-0.00302678, 0
-0.00302678, 0
-0.00302678, 0
-0.00297203, 0
-0.00297203, 0
-0.00297203, 0
-0.00297203, 0
-0.00297203, 0
-0.00297203, 0
-0.00292653, 0
-0.00292653, 0
-0.00292653, 0
-0.00292653, 0
-0.00292653, 0
-0.00288898, 0
-0.00288898, 0
-0.00288898, 0
-0.00288898, 0
-0.00288898, 0
-0.00285882, 0
-0.00285882, 0
-0.00285882, 0
-0.00285882, 0
-0.00285882, 0
-0.0028353, 0
-0.0028353, 0
-0.0028353, 0
-0.0028353, 0
-0.0028353, 0
-0.00281739, 0
-0.00281739, 0
-0.00281739, 0
-0.00281739, 0
-0.00281739, 0
-0.00280529, 0
-0.00280529, 0
-0.00280529, 0
-0.00280529, 0
-0.00280529, 0
-0.00279874, 0
-0.00279874, 0
-0.00279874, 0
-0.00279874, 0
-0.00279874, 0
-0.00279874, 0
-0.0027965, 0
-0.0027965, 0
-0.0027965, 0
-0.0027965, 0
-0.0027965, 0
-0.00279689, 0
-0.00279689, 0
-0.00279689, 0
-0.00279689, 0
-0.00279689, 0
-0.00280065, 0
-0.00280065, 0
-0.00280065, 0
-0.00280065, 0
-0.00280065, 0
-0.00280637, 0
-0.00280637, 0
-0.00280637, 0
-0.00280637, 0
-0.00280637, 0
-0.00281368, 0
-0.00281368, 0
-0.00281368, 0
-0.00281368, 0
-0.00281368, 0
-0.00282202, 0
-0.00282202, 0
-0.00282202, 0
-0.00282202, 0
-0.00282202, 0
-0.00283198, 0
-0.00283198, 0
-0.00283198, 0
-0.00283198, 0
-0.00283198, 0
-0.00283198, 0
-0.00284348, 0
-0.00284348, 0
-0.00284348, 0
-0.00284348, 0
-0.00284348, 0
-0.00285585, 0
-0.00285585, 0
-0.00285585, 0
-0.00285585, 0
-0.00285585, 0
-0.00286872, 0
-0.00286872, 0
-0.00286872, 0
-0.00286872, 0
-0.00286872, 0
-0.00288124, 0
-0.00288124, 0
-0.00288124, 0
-0.00288124, 0
-0.00288124, 0
-0.0028943, 0
-0.0028943, 0
-0.0028943, 0
-0.0028943, 0
-0.0028943, 0
-0.00290696, 0
-0.00290696, 0
-0.00290696, 0
-0.00290696, 0
-0.00290696, 0
-0.00291894, 0
-0.00291894, 0
-0.00291894, 0
-0.00291894, 0
-0.00291894, 0
-0.00291894, 0
-0.00293194, 0
-0.00293194, 0
-0.00293194, 0
-0.00293194, 0
-0.00293194, 0
-0.00294386, 0
-0.00294386, 0
-0.00294386, 0
-0.00294386, 0
-0.00294386, 0
-0.00295477, 0
-0.00295477, 0
-0.00295477, 0
-0.00295477, 0
-0.00295477, 0
-0.00296514, 0
-0.00296514, 0
-0.00296514, 0
-0.00296514, 0
-0.00296514, 0
-0.00297566, 0
-0.00297566, 0
-0.00297566, 0
-0.00297566, 0
-0.00297566, 0
-0.00298645, 0
-0.00298645, 0
-0.00298645, 0
-0.00298645, 0
-0.00298645, 0
-0.00299569, 0
-0.00299569, 0
-0.00299569, 0
-0.00299569, 0
-0.00299569, 0
-0.00299569, 0
-0.00300451, 0
-0.00300451, 0
-0.00300451, 0
-0.00300451, 0
-0.00300451, 0
-0.00301232, 0
-0.00301232, 0
-0.00301232, 0
-0.00301232, 0
-0.00301232, 0
-0.00301923, 0
-0.00301923, 0
-0.00301923, 0
-0.00301923, 0
-0.00301923, 0
-0.00302635, 0
-0.00302635, 0
-0.00302635, 0
-0.00302635, 0
-0.00302635, 0
-0.0029936, 0
-0.0029936, 0
-0.0029936, 0
-0.0029936, 0
-0.0029936, 0
-0.00297113, 0
-0.00297113, 0
-0.00297113, 0
-0.00297113, 0
-0.00297113, 0
-0.00295447, 0
-0.00295447, 0
-0.00295447, 0
-0.00295447, 0
-0.00295447, 0
-0.00295447, 0
-0.00290002, 0
-0.00290002, 0
-0.00290002, 0
-0.00290002, 0
-0.00290002, 0
-0.00286077, 0
-0.00286077, 0
-0.00286077, 0
-0.00286077, 0
-0.00286077, 0
-0.00278785, 0
-0.00278785, 0
-0.00278785, 0
-0.00278785, 0
-0.00278785, 0
-0.0027297, 0
-0.0027297, 0
-0.0027297, 0
-0.0027297, 0
-0.0027297, 0
-0.00264182, 0
-0.00264182, 0
-0.00264182, 0
-0.00264182, 0
-0.00264182, 0
-0.00257169, 0
-0.00257169, 0
-0.00257169, 0
-0.00257169, 0
-0.00257169, 0
-0.00246902, 0
-0.00246902, 0
-0.00246902, 0
-0.00246902, 0
-0.00246902, 0
-0.00246902, 0
-0.00238066, 0
-0.00238066, 0
-0.00238066, 0
-0.00238066, 0
-0.00238066, 0
-0.00230854, 0
-0.00230854, 0
-0.00230854, 0
-0.00230854, 0
-0.00230854, 0
-0.00224703, 0
-0.00224703, 0
-0.00224703, 0
-0.00224703, 0
-0.00224703, 0
-0.00215419, 0
-0.00215419, 0
-0.00215419, 0
-0.00215419, 0
-0.00215419, 0
-0.00208154, 0
-0.00208154, 0
-0.00208154, 0
-0.00208154, 0
-0.00208154, 0
-0.00202086, 0
-0.00202086, 0
-0.00202086, 0
-0.00202086, 0
-0.00202086, 0
-0.00196984, 0
-0.00196984, 0
-0.00196984, 0
-0.00196984, 0
-0.00196984, 0
-0.00196984, 0
-0.00188684, 0
-0.00188684, 0
-0.00188684, 0
-0.00188684, 0
-0.00188684, 0
-0.00182232, 0
-0.00182232, 0
-0.00182232, 0
-0.00182232, 0
-0.00182232, 0
-0.00172895, 0
-0.00172895, 0
-0.00172895, 0
-0.00172895, 0
-0.00172895, 0
-0.00165641, 0
-0.00165641, 0
-0.00165641, 0
-0.00165641, 0
-0.00165641, 0
-0.00159931, 0
-0.00159931, 0
-0.00159931, 0
-0.00159931, 0
-0.00159931, 0
-0.00155172, 0
-0.00155172, 0
-0.00155172, 0
-0.00155172, 0
-0.00155172, 0
-0.00147223, 0
-0.00147223, 0
-0.00147223, 0
-0.00147223, 0
-0.00147223, 0
-0.00147223, 0
-0.00141057, 0
-0.00141057, 0
-0.00141057, 0
-0.00141057, 0
-0.00141057, 0
-0.00132168, 0
-0.00132168, 0
-0.00132168, 0
-0.00132168, 0
-0.00132168, 0
-0.00121382, 0
-0.00121382, 0
-0.00121382, 0
-0.00121382, 0
-0.00121382, 0
-0.00113163, 0
-0.00113163, 0
-0.00113163, 0
-0.00113163, 0
-0.00113163, 0
-0.00102613, 0
-0.00102613, 0
-0.00102613, 0
-0.00102613, 0
-0.00102613, 0
-0.000943758, 0
-0.000943758, 0
-0.000943758, 0
-0.000943758, 0
-0.000943758, 0
-0.000836204, 0
-0.000836204, 0
-0.000836204, 0
-0.000836204, 0
-0.000836204, 0
-0.000836204, 0
-0.000709278, 0
-0.000709278, 0
-0.000709278, 0
-0.000709278, 0
-0.000709278, 0
-0.000444786, 0
-0.000444786, 0
-0.000444786, 0
-0.000444786, 0
-0.000444786, 0
-0.000206191, 0
-0.000206191, 0
-0.000206191, 0
-0.000206191, 0
-0.000206191, 0
6.12519e-05, 0.00396253
6.12519e-05, 0.00396253
6.12519e-05, 0.00396253
6.12519e-05, 0.00396253
6.12519e-05, 0.00396253
0.000271803, 0.00575963
0.000271803, 0.00575963
0.000271803, 0.00575963
0.000271803, 0.00575963
0.000271803, 0.00575963
0.00048447, 0.00870049
0.00048447, 0.00870049
0.00048447, 0.00870049
0.00048447, 0.00870049
0.00048447, 0.00870049
0.000659468, 0.0113995
0.000659468, 0.0113995
0.000659468, 0.0113995
0.000659468, 0.0113995
0.000659468, 0.0113995
0.000659468, 0.0113995
0.000889211, 0.0150305
0.000889211, 0.0150305
0.000889211, 0.0150305
0.000889211, 0.0150305
0.000889211, 0.0150305
0.00107297, 0.0180033
0.00107297, 0.0180033
0.00107297, 0.0180033
0.00107297, 0.0180033
0.00107297, 0.0180033
0.00130551, 0.0217785
0.00130551, 0.0217785
0.00130551, 0.0217785
0.00130551, 0.0217785
0.00130551, 0.0217785
0.00152945, 0.0254408
0.00152945, 0.0254408
0.00152945, 0.0254408
0.00152945, 0.0254408
0.00152945, 0.0254408
0.00170772, 0.0283735
0.00170772, 0.0283735
0.00170772, 0.0283735
0.00170772, 0.0283735
0.00170772, 0.0283735
0.00189464, 0.0314514
0.00189464, 0.0314514
0.00189464, 0.0314514
0.00189464, 0.0314514
0.00189464, 0.0314514
0.00212644, 0.0352659
0.00212644, 0.0352659
0.00212644, 0.0352659
0.00212644, 0.0352659
0.00212644, 0.0352659
0.00212644, 0.0352659
0.00242917, 0.0402488
0.00242917, 0.0402488
0.00242917, 0.0402488
0.00242917, 0.0402488
0.00242917, 0.0402488
0.00270048, 0.044725
0.00270048, 0.044725
0.00270048, 0.044725
0.00270048, 0.044725
0.00270048, 0.044725
0.00299543, 0.0495948
0.00299543, 0.0495948
0.00299543, 0.0495948
0.00299543, 0.0495948
0.00299543, 0.0495948
0.00335076, 0.055465
0.00335076, 0.055465
0.00335076, 0.055465
0.00335076, 0.055465
0.00335076, 0.055465
0.00387379, 0.0641128
0.00387379, 0.0641128
0.00387379, 0.0641128
0.00387379, 0.0641128
0.00387379, 0.0641128
0.00435551, 0.0720866
0.00435551, 0.0720866
0.00435551, 0.0720866
0.00435551, 0.0720866
0.00435551, 0.0720866
0.00477619, 0.0790531
0.00477619, 0.0790531
0.00477619, 0.0790531
0.00477619, 0.0790531
0.00477619, 0.0790531
0.00524116, 0.086755
0.00524116, 0.086755
0.00524116, 0.086755
0.00524116, 0.086755
0.00524116, 0.086755
0.00524116, 0.086755
0.0058631, 0.0970632
0.0058631, 0.0970632
0.0058631, 0.0970632
0.0058631, 0.0970632
0.0058631, 0.0970632
0.00671866, 0.111257
0.00671866, 0.111257
0.00671866, 0.111257
0.00671866, 0.111257
0.00671866, 0.111257
0.00753932, 0.124874
0.00753932, 0.124874
0.00753932, 0.124874
0.00753932, 0.124874
0.00753932, 0.124874
0.00835441, 0.138397
0.00835441, 0.138397
0.00835441, 0.138397
0.00835441, 0.138397
0.00835441, 0.138397
0.00904999, 0.149926
0.00904999, 0.149926
0.00904999, 0.149926
0.00904999, 0.149926
0.00904999, 0.149926
0.00970417, 0.160763
0.00970417, 0.160763
0.00970417, 0.160763
0.00970417, 0.160763
0.00970417, 0.160763
0.0104062, 0.172394
0.0104062, 0.172394
0.0104062, 0.172394
0.0104062, 0.172394
0.0104062, 0.172394
0.0110539, 0.183118
0.0110539, 0.183118
0.0110539, 0.183118
0.0110539, 0.183118
0.0110539, 0.183118
0.0110539, 0.183118
0.0118144, 0.19572
0.0118144, 0.19572
0.0118144, 0.19572
0.0118144, 0.19572
0.0118144, 0.19572
0.0126559, 0.20967
0.0126559, 0.20967
0.0126559, 0.20967
0.0126559, 0.20967
0.0126559, 0.20967
0.0136144, 0.225563
0.0136144, 0.225563
0.0136144, 0.225563
0.0136144, 0.225563
0.0136144, 0.225563
0.0145351, 0.0202926
0.0145351, 0.0204438
0.0145351, 0.0205985
0.0145351, 0.0207575
0.0145351, 0.0209211
0.0154823, 0.0224643
0.0154823, 0.0226492
0.0154823, 0.0228397
0.0154823, 0.0230357
0.0154823, 0.0232373
0.0168614, 0.0255564
0.0168614, 0.0257882
0.0168614, 0.0260263
0.0168614, 0.0262717
0.0168614, 0.0265251
0.0184004, 0.0292468
0.0184004, 0.0295444
0.0184004, 0.0298545
0.0184004, 0.0301782
0.0184004, 0.030517
0.0199248, 0.0334654
0.0199248, 0.0338687
0.0199248, 0.0342915
0.0199248, 0.0347343
0.0199248, 0.0351974
0.0199248, 0.035681
0.0214582, 0.0389907
0.0214582, 0.0395549
0.0214582, 0.0401397
0.0214582, 0.0407443
0.0214582, 0.0413674
0.0229492, 0.0449711
0.0229492, 0.0456736
0.0229492, 0.0463911
0.0229492, 0.0471219
0.0229492, 0.0478637
0.0242373, 0.0513498
0.0242373, 0.0521501
0.0242373, 0.0529548
0.0242373, 0.053761
0.0242373, 0.0545656
0.0252686, 0.0576917
0.0252686, 0.058517
0.0252686, 0.0593303
0.0252686, 0.0601279
0.0252686, 0.0609059
0.0262726, 0.0641045
0.0262726, 0.0648617
0.0262726, 0.065588
0.0262726, 0.0662807
0.0262726, 0.0669373
0.0272752, 0.0701177
0.0272752, 0.0707189
0.0272752, 0.0712783
0.0272752, 0.0717954
0.0272752, 0.0722701
0.0282816, 0.0753604
0.0282816, 0.0757665
0.0282816, 0.0761312
0.0282816, 0.0764563
0.0282816, 0.0767435
0.0282816, 0.076995
0.028843, 0.0786778
0.028843, 0.0788676
0.028843, 0.0790266
0.028843, 0.0791553
0.028843, 0.0792541
0.0293683, 0.0807293
0.0293683, 0.0807691
0.0293683, 0.0807781
0.0293683, 0.0807564
0.0293683, 0.0807036
0.029893, 0.0820438
0.029893, 0.0819274
0.029893, 0.0817803
0.029893, 0.081603
0.029893, 0.0813964
0.0305436, 0.0828959
0.0305436, 0.0826289
0.0305436, 0.0823365
0.0305436, 0.0820207
0.0305436, 0.0816842
0.031523, 0.0839201
0.031523, 0.0835386
0.031523, 0.0831454
0.031523, 0.0827449
0.031523, 0.0823418
0.0325335, 0.0845482
0.0325335, 0.0841411
0.0325335, 0.0837456
0.0325335, 0.0833659
0.0325335, 0.0830061
0.0336466, 0.0854856
0.0336466, 0.0851657
0.0336466, 0.0848766
0.0336466, 0.0846209
0.0336466, 0.084401
0.0336466, 0.0842185
0.0336466, 0.0840748
0.0350699, 0.0875467
0.0350699, 0.0874803
0.0350699, 0.0874568
0.0350699, 0.0874774
0.0350699, 0.0875429
0.0366299, 0.0913862
0.0366299, 0.0915474
0.0366299, 0.0917567
0.0366299, 0.0920144
0.0366299, 0.0923207
0.0382489, 0.098354
0.0382489, 0.0987569
0.0382489, 0.0992074
0.0382489, 0.0997048
0.0382489, 0.100248
0.0398293, 0.107438
0.0398293, 0.108069
0.0398293, 0.10874
0.0398293, 0.10945
0.0398293, 0.110195
0.0398293, 0.110973
0.041401, 0.102393
0.041401, 0.103265
0.041401, 0.104161
0.041401, 0.105078
0.041401, 0.106012
0.0429791, 0.108452
0.0429791, 0.109423
0.0429791, 0.110401
0.0429791, 0.111383
0.0429791, 0.112366
0.0445562, 0.114911
0.0445562, 0.115901
0.0445562, 0.116884
0.0445562, 0.117858
0.0445562, 0.118821
0.0461351, 0.121393
0.0461351, 0.122341
0.0461351, 0.123274
0.0461351, 0.124189
0.0461351, 0.125087
0.0477126, 0.127667
0.0477126, 0.128538
0.0477126, 0.12939
0.0477126, 0.130222
0.0477126, 0.131034
0.0492916, 0.133589
0.0492916, 0.134373
0.0492916, 0.135138
0.0492916, 0.135884
0.0492916, 0.136613
0.0508775, 0.13915
0.0508775, 0.139855
0.0508775, 0.140545
0.0508775, 0.14122
0.0508775, 0.141883
0.0508775, 0.142533
0.0524642, 0.145066
0.0524642, 0.145703
0.0524642, 0.146329
0.0524642, 0.146947
0.0524642, 0.147558
0.0540415, 0.150101
0.0540415, 0.150706
0.0540415, 0.151305
0.0540415, 0.151899
0.0540415, 0.152489
0.0556304, 0.155053
0.0556304, 0.155642
0.0556304, 0.156227
0.0556304, 0.156809
0.0556304, 0.157389
0.0572256, 0.160006
0.0572256, 0.160587
0.0572256, 0.161164
0.0572256, 0.161739
0.0572256, 0.162311
0.0588074, 0.16494
0.0588074, 0.165513
0.0588074, 0.166083
0.0588074, 0.166649
0.0588074, 0.167212
0.0603862, 0.169841
0.0603862, 0.170402
0.0603862, 0.170959
0.0603862, 0.17151
0.0603862, 0.172056
0.0619562, 0.174596
0.0619562, 0.175137
0.0619562, 0.17567
0.0619562, 0.176195
0.0619562, 0.176713
0.0637159, 0.179559
0.0637159, 0.180063
0.0637159, 0.180557
0.0637159, 0.181041
0.0637159, 0.181515
0.0637159, 0.181982
0.0653021, 0.184659
0.0653021, 0.185118
0.0653021, 0.185572
0.0653021, 0.186022
0.0653021, 0.186468
0.0668519, 0.189176
0.0668519, 0.189621
0.0668519, 0.190064
0.0668519, 0.190504
0.0668519, 0.190943
0.0684134, 0.193619
0.0684134, 0.19406
0.0684134, 0.194501
0.0684134, 0.194942
0.0684134, 0.195382
0.0699749, 0.19809
0.0699749, 0.198535
0.0699749, 0.198979
0.0699749, 0.199423
0.0699749, 0.199866
0.0715422, 0.202598
0.0715422, 0.203044
0.0715422, 0.203488
0.0715422, 0.20393
0.0715422, 0.204368
0.0731147, 0.207105
0.0731147, 0.207539
0.0731147, 0.207968
0.0731147, 0.20839
0.0731147, 0.208804
0.0731147, 0.20921
0.0731147, 0.209606
0.074686, 0.21235
0.074686, 0.21273
0.074686, 0.213099
0.074686, 0.213456
0.074686, 0.213803
0.0762212, 0.27674
0.0762212, 0.277064
0.0762212, 0.277378
0.0762212, 0.277681
0.0762212, 0.277974
0.0777826, 0.313289
0.0777826, 0.313563
0.0777826, 0.313828
0.0777826, 0.314085
0.0777826, 0.314335
0.0793546, 0.352639
0.0793546, 0.352877
0.0793546, 0.353109
0.0793546, 0.353338
0.0793546, 0.353562
0.0793546, 0.353783
0.0809116, 0.395179
0.0809116, 0.395396
0.0809116, 0.395611
0.0809116, 0.395825
0.0809116, 0.39604
0.0824567, 0.439627
0.0824567, 0.439842
0.0824567, 0.440059
0.0824567, 0.440278
0.0824567, 0.440499
0.0840375, 0.481485
0.0840375, 0.481713
0.0840375, 0.481945
0.0840375, 0.48218
0.0840375, 0.482419
0.08561, 0.276897
0.08561, 0.277203
0.08561, 0.277514
0.08561, 0.277827
0.08561, 0.278142
0.0871851, 0.285976
0.0871851, 0.286303
0.0871851, 0.286629
0.0871851, 0.286954
0.0871851, 0.287278
0.0887523, 0.295281
0.0887523, 0.295609
0.0887523, 0.295933
0.0887523, 0.296252
0.0887523, 0.296568
0.0903173, 0.304793
0.0903173, 0.305108
0.0903173, 0.305418
0.0903173, 0.305725
0.0903173, 0.306027
0.0903173, 0.306325
0.0918745, 0.314361
0.0918745, 0.314661
0.0918745, 0.314958
0.0918745, 0.315253
0.0918745, 0.315545
0.0934335, 0.323559
0.0934335, 0.323852
0.0934335, 0.324141
0.0934335, 0.324428
0.0934335, 0.32471
0.0950484, 0.332917
0.0950484, 0.333198
0.0950484, 0.333475
0.0950484, 0.333748
0.0950484, 0.334016
0.0966201, 0.343073
0.0966201, 0.343339
0.0966201, 0.3436
0.0966201, 0.343859
0.0966201, 0.344117
0.0981899, 0.353572
0.0981899, 0.353841
0.0981899, 0.354114
0.0981899, 0.354397
0.0981899, 0.35469
0.0997652, 0.36353
0.0997652, 0.363862
0.0997652, 0.364213
0.0997652, 0.364584
0.0997652, 0.364976
0.101345, 0.373571
0.101345, 0.374013
0.101345, 0.374474
0.101345, 0.374953
0.101345, 0.375447
0.10294, 0.383982
0.10294, 0.384507
0.10294, 0.385039
0.10294, 0.385572
0.10294, 0.386104
0.10294, 0.386629
0.104541, 0.394797
0.104541, 0.395311
0.104541, 0.395807
0.104541, 0.396282
0.104541, 0.396732
0.106153, 0.404619
0.106153, 0.405017
0.106153, 0.40538
0.106153, 0.405706
0.106153, 0.405992
0.107751, 0.413756
0.107751, 0.413962
0.107751, 0.414124
0.107751, 0.414242
0.107751, 0.414316
0.109341, 0.421824
0.109341, 0.421816
0.109341, 0.421769
0.109341, 0.421685
0.109341, 0.421567
0.110939, 0.428444
0.110939, 0.428263
0.110939, 0.428055
0.110939, 0.427821
0.110939, 0.427564
0.112531, 0.434035
0.112531, 0.43373
0.112531, 0.433404
0.112531, 0.433059
0.112531, 0.432696
0.114122, 0.438766
0.114122, 0.43836
0.114122, 0.437936
0.114122, 0.437494
0.114122, 0.437035
0.114122, 0.436558
0.114122, 0.436065
0.115717, 0.442236
0.115717, 0.441705
0.115717, 0.44116
0.115717, 0.440605
0.115717, 0.440042
0.117279, 0.551921
0.117279, 0.551355
0.117279, 0.550788
0.117279, 0.550223
0.117279, 0.54966
0.118956, 0.636692
0.118956, 0.636137
0.118956, 0.635588
0.118956, 0.635045
0.118956, 0.634508
0.120562, 0.755333
0.120562, 0.754812
0.120562, 0.7543
0.120562, 0.753798
0.120562, 0.753307
0.120562, 0.75283
0.122156, 0.88327
0.122156, 0.882822
0.122156, 0.882392
0.122156, 0.881981
0.122156, 0.881591
0.123753, 1.0195
0.123753, 1.01916
0.123753, 1.01885
0.123753, 1.01856
0.123753, 1.01831
0.125353, 1.1624
0.125353, 1.16221
0.125353, 1.16207
0.125353, 1.16197
0.125353, 1.16191
0.126952, 1.30925
0.126952, 1.30928
0.126952, 1.30936
0.126952, 1.3095
0.126952, 1.30969
0.128555, 1.45836
0.128555, 1.45866
0.128555, 1.45901
0.128555, 1.45943
0.128555, 1.45991
0.130159, 1.60893
0.130159, 1.60953
0.130159, 1.61018
0.130159, 1.61089
0.130159, 1.61167
0.131763, 1.76567
0.131763, 1.76656
0.131763, 1.76749
0.131763, 1.76847
0.131763, 1.76951
0.133363, 1.93205
0.133363, 1.93318
0.133363, 1.93434
0.133363, 1.93555
0.133363, 1.9368
0.133363, 1.93809
0.134965, 2.10577
0.134965, 2.10713
0.134965, 2.10854
0.134965, 2.10999
0.134965, 2.11147
0.136571, 2.28837
0.136571, 2.28993
0.136571, 2.29153
0.136571, 2.29317
0.136571, 2.29485
0.138132, 2.49768
0.138132, 2.49945
0.138132, 2.50126
0.138132, 2.50312
0.138132, 2.50504
0.139741, 2.71615
0.139741, 2.71818
0.139741, 2.72029
0.139741, 2.72247
0.139741, 2.72474
0.141074, 2.94906
0.141074, 2.9515
0.141074, 2.95403
0.141074, 2.95665
0.141074, 2.95937
0.142479, 3.16732
0.142479, 3.17024
0.142479, 3.17324
0.142479, 3.17635
0.142479, 3.17955
0.143849, 3.38106
0.143849, 3.38445
0.143849, 3.38792
0.143849, 3.39148
0.143849, 3.39512
0.145215, 3.57541
0.145215, 3.57921
0.145215, 3.58309
0.145215, 3.58702
0.145215, 3.59101
0.145215, 3.59505
0.146569, 3.75391
0.146569, 3.75799
0.146569, 3.76207
0.146569, 3.76613
0.146569, 3.77016
0.147865, 3.93588
0.147865, 3.93977
0.147865, 3.94357
0.147865, 3.94726
0.147865, 3.95082
0.149188, 4.11468
0.149188, 4.11797
0.149188, 4.1211
0.149188, 4.12407
0.149188, 4.12689
0.15037, 4.31007
0.15037, 4.31256
0.15037, 4.3149
0.15037, 4.31709
0.15037, 4.31914
0.15153, 4.5007
0.15153, 4.50252
0.15153, 4.50425
0.15153, 4.50589
0.15153, 4.50748
0.152637, 4.68258
0.152637, 4.68409
0.152637, 4.68557
0.152637, 4.68704
0.152637, 4.68851
0.153715, 4.85086
0.153715, 4.85237
0.153715, 4.85391
0.153715, 4.85548
0.153715, 4.85708
0.154776, 4.99458
0.154776, 4.99625
0.154776, 4.99795
0.154776, 4.99967
0.154776, 5.0014
0.154776, 5.00312
0.155802, 5.15451
0.155802, 5.15621
0.155802, 5.15787
0.155802, 5.15949
0.155802, 5.16107
0.15685, 5.29209
0.15685, 5.29355
0.15685, 5.29494
0.15685, 5.29626
0.15685, 5.2975
0.157848, 5.45666
0.157848, 5.45771
0.157848, 5.45867
0.157848, 5.45954
0.157848, 5.46032
0.158726, 5.62928
0.158726, 5.6299
0.158726, 5.63045
0.158726, 5.63094
0.158726, 5.63139
0.159591, 5.82204
0.159591, 5.82243
0.159591, 5.82281
0.159591, 5.82319
0.159591, 5.82359
0.160464, 5.97983
0.160464, 5.9803
0.160464, 5.98082
0.160464, 5.98139
0.160464, 5.98202
0.161206, 6.15958
0.161206, 6.16032
0.161206, 6.16111
0.161206, 6.16195
0.161206, 6.16284
0.161948, 6.3493
0.161948, 6.3503
0.161948, 6.35135
0.161948, 6.35245
0.161948, 6.3536
0.161948, 6.35481
0.162582, 6.56728
0.162582, 6.56859
0.162582, 6.56995
0.162582, 6.57138
0.162582, 6.57287
0.163269, 6.78048
0.163269, 6.78211
0.163269, 6.78383
0.163269, 6.78562
0.163269, 6.78749
0.163936, 6.96719
0.163936, 6.96922
0.163936, 6.97132
0.163936, 6.97349
0.163936, 6.9757
0.16451, 7.18936
0.16451, 7.19164
0.16451, 7.19393
0.16451, 7.19623
0.16451, 7.19853
0.164977, 7.44425
0.164977, 7.44655
0.164977, 7.44885
0.164977, 7.45116
0.164977, 7.45348
0.165404, 7.69955
0.165404, 7.70193
0.165404, 7.70435
0.165404, 7.70682
0.165404, 7.70935
0.152916, 6.76746
0.152916, 6.77003
0.152916, 6.77245
0.152916, 6.77448
0.152916, 6.77584
0.13521, 5.63444
0.13521, 5.63351
0.13521, 5.63093
0.13521, 5.62638
0.13521, 5.61954
0.13521, 5.61015
0.127775, 4.85248
0.127775, 4.83747
0.127775, 4.81954
0.127775, 4.79879
0.127775, 4.77539
0.120556, 4.16092
0.120556, 4.13314
0.120556, 4.10385
0.120556, 4.07368
0.120556, 4.04337
0.11387, 0.542492
0.11387, 0.510266
0.11387, 0.481572
0.11387, 0.457937
0.11387, 0.440874
0.108368, 0.397492
0.108368, 0.396945
0.108368, 0.404418
0.108368, 0.41935
0.108368, 0.440695
0.104505, 0.435569
0.104505, 0.463826
0.104505, 0.494536
0.104505, 0.526741
0.104505, 0.559647
0.100645, 0.551987
0.100645, 0.58228
0.100645, 0.611792
0.100645, 0.64024
0.100645, 0.667416
0.0962732, 0.64128
0.0962732, 0.663697
0.0962732, 0.684656
0.0962732, 0.704139
0.0962732, 0.722154
0.0918183, 0.681563
0.0918183, 0.695584
0.0918183, 0.708388
0.0918183, 0.720044
0.0918183, 0.73063
0.0869725, 0.677781
0.0869725, 0.685744
0.0869725, 0.692963
0.0869725, 0.699518
0.0869725, 0.705491
0.0869725, 0.71096
0.0812647, 0.647373
0.0812647, 0.651609
0.0812647, 0.655588
0.0812647, 0.659372
0.0812647, 0.663017
0.0756087, 0.611116
0.0756087, 0.614343
0.0756087, 0.617573
0.0756087, 0.620837
0.0756087, 0.624162
0.0706538, 0.543128
0.0706538, 0.54616
0.0706538, 0.54928
0.0706538, 0.552492
0.0706538, 0.555791
0.0662876, 0.543021
0.0662876, 0.546368
0.0662876, 0.549768
0.0662876, 0.553201
0.0662876, 0.556649
0.0618625, 0.543905
0.0618625, 0.547219
0.0618625, 0.550485
0.0618625, 0.553683
0.0618625, 0.556795
0.0574782, 0.544191
0.0574782, 0.546998
0.0574782, 0.549676
0.0574782, 0.552212
0.0574782, 0.554597
0.0532814, 0.542733
0.0532814, 0.544741
0.0532814, 0.546584
0.0532814, 0.548257
0.0532814, 0.54976
0.0491352, 0.538645
0.0491352, 0.539782
0.0491352, 0.540755
0.0491352, 0.541569
0.0491352, 0.542227
0.0448587, 0.532524
0.0448587, 0.532883
0.0448587, 0.533108
0.0448587, 0.533208
0.0448587, 0.533192
0.0448587, 0.53307
0.0404395, 0.52674
0.0404395, 0.526436
0.0404395, 0.526056
0.0404395, 0.525609
0.0404395, 0.525107
0.0363093, 0.524287
0.0363093, 0.523701
0.0363093, 0.523086
0.0363093, 0.522449
0.0363093, 0.521795
0.0322402, 0.445676
0.0322402, 0.4451
0.0322402, 0.444519
0.0322402, 0.443936
0.0322402, 0.443352
0.0287837, 0.402383
0.0287837, 0.401853
0.0287837, 0.401321
0.0287837, 0.400785
0.0287837, 0.400242
0.0260566, 0.367953
0.0260566, 0.367428
0.0260566, 0.366882
0.0260566, 0.366309
0.0260566, 0.365703
0.0231018, 0.331419
0.0231018, 0.33079
0.0231018, 0.330114
0.0231018, 0.329387
0.0231018, 0.328606
0.0199012, 0.29271
0.0199012, 0.291912
0.0199012, 0.291065
0.0199012, 0.290169
0.0199012, 0.289226
0.0167953, 0.255738
0.0167953, 0.254828
0.0167953, 0.253886
0.0167953, 0.252915
0.0167953, 0.25192
0.0134702, 0.218719
0.0134702, 0.217819
0.0134702, 0.216908
0.0134702, 0.21599
0.0134702, 0.21507
0.0134702, 0.21415
0.0100878, 0.184098
0.0100878, 0.183314
0.0100878, 0.18254
0.0100878, 0.181778
0.0100878, 0.181031
0.00700135, 0.15748
0.00700135, 0.156859
0.00700135, 0.156254
0.00700135, 0.155667
0.00700135, 0.155098
0.00384065, 0.137108
0.00384065, 0.136634
0.00384065, 0.136175
0.00384065, 0.135731
0.00384065, 0.1353
0.000682053, 0.125431
0.000682053, 0.125054
0.000682053, 0.124688
0.000682053, 0.124332
0.000682053, 0.123985
-0.00221162, 0
-0.00221162, 0
-0.00221162, 0
-0.00221162, 0
-0.00221162, 0
-0.00496611, 0
-0.00496611, 0
-0.00496611, 0
-0.00496611, 0
-0.00496611, 0
-0.00745774, 0
-0.00745774, 0
-0.00745774, 0
-0.00745774, 0
-0.00745774, 0
-0.0101366, 0
-0.0101366, 0
-0.0101366, 0
-0.0101366, 0
-0.0101366, 0
-0.0101366, 0
-0.0129132, 0
-0.0129132, 0
-0.0129132, 0
-0.0129132, 0
-0.0129132, 0
-0.0160774, 0
-0.0160774, 0
-0.0160774, 0
-0.0160774, 0
-0.0160774, 0
-0.0194402, 0
-0.0194402, 0
-0.0194402, 0
-0.0194402, 0
-0.0194402, 0
-0.0228383, 0
-0.0228383, 0
-0.0228383, 0
-0.0228383, 0
-0.0228383, 0
-0.0268733, 0
-0.0268733, 0
-0.0268733, 0
-0.0268733, 0
-0.0268733, 0
-0.0311781, 0
-0.0311781, 0
-0.0311781, 0
-0.0311781, 0
-0.0311781, 0
-0.0356614, 0
-0.0356614, 0
-0.0356614, 0
-0.0356614, 0
-0.0356614, 0
-0.0403637, 0
-0.0403637, 0
-0.0403637, 0
-0.0403637, 0
-0.0403637, 0
-0.0444571, 0
-0.0444571, 0
-0.0444571, 0
-0.0444571, 0
-0.0444571, 0
-0.0444571, 0
-0.0482554, 0
-0.0482554, 0
-0.0482554, 0
-0.0482554, 0
-0.0482554, 0
-0.0524042, 0
-0.0524042, 0
-0.0524042, 0
-0.0524042, 0
-0.0524042, 0
-0.0563689, 0
-0.0563689, 0
-0.0563689, 0
-0.0563689, 0
-0.0563689, 0
-0.060335, 0
-0.060335, 0
-0.060335, 0
-0.060335, 0
-0.060335, 0
-0.0640321, 0
-0.0640321, 0
-0.0640321, 0
-0.0640321, 0
-0.0640321, 0
-0.0672311, 0
-0.0672311, 0
-0.0672311, 0
-0.0672311, 0
-0.0672311, 0
-0.069859, 0
-0.069859, 0
-0.069859, 0
-0.069859, 0
-0.069859, 0
-0.0719613, 0
-0.0719613, 0
-0.0719613, 0
-0.0719613, 0
-0.0719613, 0
-0.0740227, 0
-0.0740227, 0
-0.0740227, 0
-0.0740227, 0
-0.0740227, 0
-0.0740227, 0
-0.0760455, 0
-0.0760455, 0
-0.0760455, 0
-0.0760455, 0
-0.0760455, 0
-0.0781068, 0
-0.0781068, 0
-0.0781068, 0
-0.0781068, 0
-0.0781068, 0
-0.0799876, 0
-0.0799876, 0
-0.0799876, 0
-0.0799876, 0
-0.0799876, 0
-0.081372, 0
-0.081372, 0
-0.081372, 0
-0.081372, 0
-0.081372, 0
-0.0825122, 0
-0.0825122, 0
-0.0825122, 0
-0.0825122, 0
-0.0825122, 0
-0.0833427, 0
-0.0833427, 0
-0.0833427, 0
-0.0833427, 0
-0.0833427, 0
-0.0839586, 0
-0.0839586, 0
-0.0839586, 0
-0.0839586, 0
-0.0839586, 0
-0.0844534, 0
-0.0844534, 0
-0.0844534, 0
-0.0844534, 0
-0.0844534, 0
-0.084784, 0
-0.084784, 0
-0.084784, 0
-0.084784, 0
-0.084784, 0
-0.084784, 0
-0.0845605, 0
-0.0845605, 0
-0.0845605, 0
-0.0845605, 0
-0.0845605, 0
-0.0836409, 0
-0.0836409, 0
-0.0836409, 0
-0.0836409, 0
-0.0836409, 0
-0.0827891, 0
-0.0827891, 0
-0.0827891, 0
-0.0827891, 0
-0.0827891, 0
-0.0819738, 0
-0.0819738, 0
-0.0819738, 0
-0.0819738, 0
-0.0819738, 0
-0.0811382, 0
-0.0811382, 0
-0.0811382, 0
-0.0811382, 0
-0.0811382, 0
-0.0802913, 0
-0.0802913, 0
